00002.0079,001
00002.0077,002
00002.0081,003
00002.0082,004
00002.0078,005
00002.0075,006
00002.0081,007
00002.0078,008
00002.0078,009
00002.0078,010
00002.0078,011
00002.0077,012
00002.0078,013
00002.0076,014
00002.0077,015
00002.0076,016
00002.0078,017
00002.0074,018
00002.0072,019
00002.0077,020
00002.0078,021
00002.0075,022
00002.0076,023
00002.0076,024
00002.0073,025
00002.0073,026
00002.0074,027
00002.0071,028
00002.0076,029
00002.0074,030
00002.0074,031
00002.0073,032
00002.0074,033
00002.0074,034
00002.0073,035
00002.0073,036
00002.0073,037
00002.0074,038
00002.0072,039
00002.0072,040
00002.0068,041
00002.0074,042
00002.0072,043
00002.0073,044
00002.0072,045
00002.0072,046
00002.0073,047
00002.0072,048
00002.0073,049
00002.0071,050
