00001.9986,001
00001.9985,002
00001.9986,003
00001.9986,004
00001.9986,005
00001.9986,006
00001.9985,007
00001.9986,008
00001.9987,009
00001.9986,010
00001.9985,011
00001.9986,012
00001.9986,013
00001.9987,014
00001.9986,015
00001.9986,016
00001.9986,017
00001.9985,018
00001.9986,019
00001.9986,020
00001.9985,021
00001.9985,022
00001.9986,023
00001.9985,024
00001.9985,025
00001.9986,026
00001.9985,027
00001.9985,028
00001.9986,029
00001.9985,030
00001.9986,031
00001.9985,032
00001.9986,033
00001.9985,034
00001.9985,035
00001.9985,036
00001.9985,037
00001.9984,038
00001.9985,039
00001.9985,040
00001.9984,041
00001.9985,042
00001.9985,043
00001.9984,044
00001.9986,045
00001.9984,046
00001.9985,047
00001.9985,048
00001.9984,049
00001.9985,050
